[(20, 26, 36), (56, 67, 79), (38, 47, 59), (87, 91, 93), (177, 144, 100)]
[(193, 196, 180), (172, 178, 162), (154, 161, 144), (100, 84, 62), (78, 65, 50)]
[(120, 210, 213), (234, 153, 30), (142, 97, 32), (182, 120, 33), (96, 81, 37)]
[(199, 186, 142), (47, 57, 39), (213, 199, 157), (31, 43, 28), (65, 72, 50)]
[(192, 184, 184), (211, 204, 202), (162, 163, 163), (91, 106, 116), (120, 138, 149)]
[(140, 148, 121), (105, 107, 78), (117, 126, 103), (162, 168, 139), (188, 189, 152)]
[(199, 161, 43), (177, 146, 41), (81, 99, 44), (116, 127, 47), (55, 62, 34)]
[(230, 193, 131), (222, 183, 119), (236, 203, 141), (212, 169, 105), (196, 151, 91)]
[(161, 204, 208), (196, 227, 222), (81, 95, 52), (127, 124, 55), (160, 153, 88)]
[(176, 142, 46), (213, 224, 161), (187, 201, 142), (218, 193, 107), (205, 171, 68)]
[(208, 202, 202), (221, 212, 215), (195, 190, 187), (178, 174, 170), (159, 155, 149)]
[(133, 103, 70), (163, 132, 70), (97, 106, 80), (137, 136, 101), (106, 57, 54)]
[(31, 17, 15), (90, 41, 29), (58, 29, 24), (101, 74, 30), (134, 80, 37)]
[(90, 109, 134), (63, 76, 98), (193, 147, 58), (132, 82, 28), (133, 146, 160)]
[(216, 234, 236), (128, 124, 44), (174, 210, 215), (156, 157, 76), (86, 138, 174)]
[(174, 115, 20), (200, 141, 22), (210, 181, 116), (222, 204, 153), (196, 141, 87)]
[(203, 197, 157), (195, 188, 148), (184, 178, 138), (212, 207, 168), (169, 164, 125)]
[(147, 174, 184), (85, 110, 53), (143, 154, 99), (124, 137, 59), (129, 153, 160)]
[(176, 111, 24), (151, 95, 24), (125, 80, 20), (195, 133, 28), (99, 61, 16)]
[(205, 185, 138), (186, 168, 120), (220, 200, 156), (163, 149, 105), (211, 219, 224)]
[(51, 30, 40), (68, 49, 58), (34, 16, 22), (204, 215, 176), (129, 123, 94)]
[(109, 144, 126), (48, 54, 43), (65, 82, 66), (89, 112, 96), (133, 165, 142)]
[(231, 223, 204), (223, 214, 194), (213, 205, 183), (202, 193, 172), (188, 179, 158)]
[(42, 31, 23), (21, 15, 13), (64, 49, 32), (174, 123, 46), (139, 92, 36)]
[(220, 211, 179), (211, 200, 166), (229, 222, 191), (200, 187, 151), (185, 171, 133)]
[(200, 211, 207), (229, 237, 231), (110, 111, 53), (187, 181, 110), (145, 143, 101)]
[(230, 129, 25), (87, 132, 191), (61, 104, 169), (124, 156, 193), (220, 183, 75)]
[(227, 177, 134), (89, 64, 56), (68, 43, 37), (107, 83, 79), (213, 161, 116)]
[(15, 7, 8), (38, 26, 26), (99, 113, 96), (56, 53, 47), (77, 83, 71)]
[(165, 93, 17), (58, 68, 22), (48, 65, 106), (31, 35, 13), (41, 52, 66)]
[(199, 197, 157), (194, 176, 99), (166, 171, 142), (165, 183, 201), (125, 153, 181)]
[(126, 130, 86), (108, 113, 75), (139, 143, 104), (90, 94, 59), (157, 158, 117)]
[(232, 228, 206), (210, 207, 187), (127, 127, 88), (153, 152, 112), (106, 96, 59)]
[(215, 165, 71), (171, 133, 65), (115, 183, 203), (61, 66, 52), (118, 98, 54)]
[(66, 94, 75), (43, 64, 59), (89, 120, 101), (121, 141, 127), (24, 33, 33)]
[(233, 237, 227), (211, 216, 197), (152, 156, 74), (194, 193, 85), (203, 209, 134)]
[(44, 37, 37), (52, 47, 46), (76, 69, 62), (101, 97, 90), (131, 130, 127)]
[(5, 8, 7), (20, 19, 18), (57, 49, 43), (38, 33, 30), (76, 65, 54)]
[(195, 194, 205), (181, 180, 192), (208, 208, 218), (166, 166, 178), (150, 150, 162)]
[(13, 7, 9), (35, 30, 27), (56, 69, 47), (81, 103, 69), (178, 183, 168)]
[(180, 204, 215), (201, 220, 231), (90, 67, 45), (56, 43, 28), (210, 204, 179)]
[(153, 169, 114), (86, 107, 58), (125, 139, 78), (234, 238, 229), (101, 139, 119)]
[(250, 245, 218), (243, 235, 204), (226, 218, 189), (206, 199, 171), (186, 179, 151)]
[(145, 175, 225), (171, 196, 239), (125, 152, 171), (203, 216, 243), (199, 128, 14)]
[(227, 218, 157), (216, 195, 124), (76, 38, 28), (26, 26, 24), (195, 164, 100)]
[(223, 225, 211), (234, 235, 221), (32, 20, 9), (52, 41, 28), (205, 204, 191)]
[(203, 206, 192), (214, 217, 203), (190, 192, 179), (53, 44, 32), (72, 63, 51)]
[(89, 120, 141), (210, 183, 145), (179, 168, 141), (109, 137, 158), (61, 73, 68)]
[(53, 39, 35), (66, 49, 46), (97, 72, 63), (82, 60, 54), (42, 29, 24)]
[(224, 216, 129), (210, 194, 98), (177, 164, 82), (101, 119, 63), (130, 159, 99)]
[(218, 153, 90), (243, 191, 109), (168, 129, 89), (151, 96, 48), (95, 67, 29)]
[(84, 105, 120), (136, 116, 115), (155, 136, 135), (70, 88, 101), (98, 122, 139)]
[(20, 12, 8), (52, 45, 29), (107, 123, 65), (80, 82, 45), (106, 163, 153)]
[(210, 128, 58), (217, 177, 101), (183, 189, 205), (145, 151, 181), (146, 92, 57)]
[(111, 130, 111), (91, 71, 39), (119, 87, 53), (65, 59, 36), (137, 143, 122)]
[(241, 235, 223), (251, 250, 238), (227, 221, 211), (209, 205, 196), (188, 184, 177)]
[(46, 151, 198), (81, 172, 208), (118, 191, 213), (228, 218, 146), (98, 121, 93)]
[(54, 82, 104), (37, 62, 82), (224, 214, 193), (33, 36, 38), (80, 108, 128)]
[(199, 223, 238), (229, 240, 247), (168, 202, 233), (108, 139, 36), (66, 103, 44)]
[(37, 31, 28), (202, 191, 141), (62, 56, 55), (187, 163, 113), (105, 82, 64)]
[(215, 215, 216), (229, 228, 229), (198, 198, 202), (176, 175, 181), (20, 18, 28)]
[(222, 199, 149), (210, 189, 137), (231, 210, 163), (194, 174, 122), (175, 156, 106)]
[(94, 126, 139), (142, 168, 172), (76, 110, 121), (118, 144, 148), (173, 189, 176)]
[(130, 186, 190), (113, 170, 161), (37, 23, 22), (69, 44, 37), (101, 153, 122)]
[(247, 217, 55), (140, 43, 12), (31, 16, 6), (90, 28, 10), (179, 74, 20)]
[(233, 210, 144), (226, 189, 112), (196, 169, 132), (123, 108, 89), (154, 137, 119)]
[(193, 190, 176), (176, 174, 162), (205, 202, 187), (158, 156, 145), (140, 137, 127)]
[(62, 28, 12), (176, 146, 119), (89, 47, 21), (155, 124, 101), (36, 10, 4)]
[(23, 49, 82), (40, 76, 119), (76, 106, 142), (10, 19, 39), (198, 196, 152)]
[(87, 88, 70), (103, 104, 79), (115, 126, 102), (135, 149, 125), (71, 72, 55)]
[(103, 90, 22), (172, 199, 199), (148, 177, 170), (133, 112, 36), (72, 66, 16)]
[(155, 119, 73), (136, 101, 59), (116, 83, 46), (171, 137, 89), (94, 63, 33)]
[(197, 197, 197), (183, 183, 184), (168, 168, 171), (210, 210, 210), (150, 150, 155)]
[(203, 118, 49), (178, 96, 43), (226, 148, 60), (138, 78, 41), (149, 202, 208)]
[(225, 227, 215), (213, 206, 194), (123, 102, 61), (203, 182, 164), (100, 72, 44)]
[(11, 17, 14), (35, 54, 40), (64, 104, 70), (108, 140, 95), (64, 122, 118)]
[(201, 136, 23), (175, 102, 17), (225, 169, 36), (200, 221, 214), (129, 79, 17)]
[(154, 177, 187), (239, 225, 206), (192, 203, 207), (126, 152, 159), (84, 95, 41)]
[(191, 160, 53), (175, 140, 34), (204, 178, 79), (151, 116, 23), (111, 98, 29)]
[(239, 218, 59), (230, 195, 54), (22, 15, 12), (52, 41, 36), (186, 180, 106)]
[(187, 204, 207), (213, 224, 223), (153, 176, 184), (192, 187, 174), (113, 144, 159)]
[(66, 69, 71), (55, 59, 61), (235, 236, 233), (79, 81, 81), (224, 225, 220)]
[(149, 113, 42), (171, 133, 58), (125, 89, 31), (144, 187, 173), (129, 165, 150)]
[(76, 50, 15), (98, 66, 24), (120, 82, 32), (54, 33, 8), (226, 181, 101)]
[(168, 142, 106), (181, 154, 118), (155, 129, 97), (139, 115, 88), (17, 8, 12)]
[(114, 182, 226), (148, 202, 231), (61, 120, 198), (73, 147, 225), (99, 157, 204)]
[(238, 215, 168), (245, 226, 182), (226, 201, 152), (210, 185, 136), (192, 168, 122)]
[(161, 134, 40), (86, 61, 29), (126, 98, 26), (49, 27, 14), (248, 242, 226)]
[(60, 119, 156), (59, 115, 126), (88, 132, 173), (57, 100, 90), (126, 120, 47)]
[(21, 39, 34), (42, 76, 52), (72, 110, 82), (107, 144, 116), (205, 99, 74)]
[(223, 180, 58), (192, 127, 57), (150, 111, 85), (102, 91, 100), (123, 118, 145)]
[(199, 175, 112), (168, 157, 101), (138, 131, 83), (79, 73, 40), (18, 13, 5)]
[(187, 181, 178), (53, 59, 60), (68, 84, 72), (200, 196, 194), (37, 36, 39)]
[(157, 135, 41), (181, 157, 53), (131, 112, 33), (83, 152, 130), (217, 187, 68)]
[(117, 136, 120), (142, 161, 140), (134, 108, 79), (110, 78, 60), (92, 108, 101)]
[(17, 16, 17), (27, 30, 30), (39, 48, 39), (124, 105, 55), (132, 119, 80)]
[(16, 42, 121), (14, 76, 157), (31, 40, 56), (76, 92, 87), (103, 131, 140)]
[(200, 173, 62), (226, 186, 54), (33, 50, 59), (76, 89, 66), (170, 159, 62)]
[(136, 195, 159), (230, 180, 29), (144, 103, 30), (107, 72, 20), (162, 213, 190)]
[(76, 86, 87), (35, 45, 83), (98, 116, 134), (51, 73, 136), (13, 15, 43)]
[(16, 12, 16), (30, 23, 24), (48, 36, 31), (61, 55, 41), (85, 76, 52)]
[(66, 77, 62), (76, 92, 83), (47, 59, 46), (95, 114, 111), (106, 101, 68)]
[(60, 19, 15), (76, 36, 28), (42, 5, 4), (138, 91, 43), (87, 59, 49)]
[(219, 207, 170), (233, 221, 183), (203, 191, 154), (244, 235, 199), (186, 173, 136)]
[(230, 211, 77), (229, 216, 114), (224, 182, 44), (201, 135, 35), (210, 171, 88)]
[(249, 245, 191), (251, 251, 203), (244, 233, 180), (227, 214, 165), (200, 187, 144)]
[(105, 110, 77), (135, 141, 109), (202, 184, 176), (170, 164, 134), (148, 126, 74)]
[(199, 221, 158), (32, 94, 80), (38, 112, 107), (70, 121, 137), (28, 39, 46)]
[(143, 191, 203), (93, 173, 195), (200, 217, 221), (95, 137, 130), (55, 102, 90)]
[(58, 105, 104), (40, 75, 68), (96, 137, 112), (21, 38, 35), (74, 138, 178)]
[(226, 236, 236), (206, 212, 210), (170, 178, 175), (212, 203, 167), (143, 144, 136)]
[(62, 48, 37), (81, 63, 48), (42, 33, 27), (100, 78, 58), (121, 95, 70)]
[(213, 214, 203), (222, 224, 212), (199, 200, 188), (182, 182, 169), (162, 161, 148)]
[(42, 14, 5), (51, 19, 7), (21, 5, 2), (31, 10, 4), (64, 26, 11)]
[(23, 22, 12), (34, 29, 16), (49, 38, 20), (69, 50, 27), (105, 67, 35)]
[(111, 60, 15), (72, 44, 11), (151, 81, 19), (202, 211, 182), (30, 20, 5)]
[(197, 198, 192), (208, 209, 202), (186, 187, 181), (73, 75, 74), (59, 62, 61)]
[(120, 125, 68), (85, 76, 51), (98, 104, 61), (148, 148, 72), (185, 156, 67)]
[(151, 138, 121), (118, 121, 113), (92, 96, 89), (163, 164, 149), (138, 105, 71)]
[(199, 200, 112), (225, 215, 123), (224, 194, 75), (222, 223, 164), (149, 103, 39)]
[(125, 145, 89), (136, 173, 128), (173, 195, 157), (170, 162, 105), (120, 115, 54)]
[(218, 220, 184), (196, 199, 168), (217, 206, 160), (38, 36, 34), (59, 49, 43)]
[(168, 183, 201), (138, 161, 189), (121, 104, 28), (200, 202, 204), (88, 76, 21)]
[(97, 121, 82), (117, 145, 100), (69, 89, 64), (44, 61, 46), (144, 166, 120)]
[(223, 133, 67), (88, 125, 137), (112, 151, 160), (138, 89, 57), (227, 197, 105)]
[(21, 73, 84), (25, 84, 112), (30, 97, 145), (9, 25, 15), (198, 195, 142)]
[(182, 105, 45), (204, 136, 54), (152, 91, 36), (206, 153, 97), (223, 190, 117)]
[(39, 7, 8), (58, 22, 19), (161, 114, 91), (135, 90, 71), (187, 138, 110)]
[(45, 64, 48), (61, 89, 79), (92, 83, 43), (129, 111, 60), (18, 32, 24)]
[(205, 205, 205), (196, 196, 196), (213, 213, 213), (182, 182, 182), (163, 163, 163)]
[(10, 29, 26), (62, 50, 36), (28, 43, 41), (84, 84, 57), (48, 71, 76)]
[(209, 225, 220), (173, 179, 153), (193, 203, 183), (153, 151, 116), (81, 94, 77)]
[(141, 157, 141), (115, 131, 118), (173, 180, 180), (83, 97, 91), (236, 200, 140)]
[(214, 198, 189), (66, 49, 47), (78, 61, 58), (201, 184, 176), (225, 209, 200)]
[(88, 104, 50), (60, 68, 35), (31, 25, 13), (145, 134, 58), (104, 135, 85)]
[(212, 212, 211), (197, 197, 196), (180, 181, 180), (163, 163, 163), (144, 145, 145)]
[(223, 194, 163), (70, 67, 59), (237, 210, 179), (204, 179, 151), (88, 85, 76)]
[(233, 220, 185), (227, 212, 174), (239, 228, 196), (218, 200, 158), (138, 119, 77)]
[(243, 225, 193), (237, 217, 176), (138, 108, 60), (116, 88, 45), (160, 130, 78)]
[(200, 119, 48), (177, 197, 190), (71, 58, 56), (124, 159, 163), (122, 100, 88)]
[(63, 73, 33), (139, 150, 109), (102, 117, 74), (204, 207, 174), (168, 180, 151)]
[(76, 64, 63), (101, 101, 109), (122, 82, 30), (129, 84, 74), (97, 28, 29)]
[(55, 54, 51), (71, 73, 71), (33, 32, 33), (97, 99, 91), (129, 124, 105)]
[(78, 69, 47), (119, 103, 69), (94, 87, 63), (117, 83, 43), (141, 121, 79)]
[(44, 67, 49), (76, 106, 62), (23, 24, 18), (121, 135, 55), (164, 172, 81)]
[(35, 16, 15), (61, 42, 44), (149, 106, 46), (108, 108, 134), (109, 56, 21)]
[(237, 238, 237), (218, 220, 219), (122, 124, 122), (147, 149, 147), (97, 99, 97)]
[(221, 215, 199), (246, 239, 226), (234, 227, 212), (208, 202, 186), (193, 187, 171)]
[(202, 127, 27), (32, 28, 11), (69, 64, 30), (160, 80, 16), (191, 147, 80)]
[(28, 3, 1), (51, 19, 3), (40, 10, 3), (62, 27, 4), (15, 1, 0)]
[(227, 207, 144), (221, 192, 117), (205, 172, 96), (224, 183, 70), (188, 146, 71)]
[(238, 227, 200), (103, 95, 77), (80, 76, 63), (125, 115, 92), (56, 54, 48)]
[(247, 215, 155), (102, 119, 139), (75, 97, 119), (245, 201, 129), (248, 229, 184)]
[(65, 63, 24), (28, 37, 15), (121, 89, 24), (80, 87, 57), (119, 121, 66)]
[(17, 11, 17), (36, 20, 25), (57, 29, 32), (79, 39, 39), (140, 66, 46)]
[(29, 27, 18), (56, 69, 39), (143, 75, 40), (173, 109, 41), (76, 108, 66)]
[(160, 182, 173), (126, 153, 147), (79, 86, 66), (56, 48, 40), (113, 118, 95)]
[(11, 10, 6), (249, 232, 180), (34, 27, 19), (59, 48, 35), (236, 206, 156)]
[(15, 16, 12), (56, 48, 21), (104, 74, 33), (28, 33, 50), (173, 74, 16)]
[(145, 149, 37), (109, 118, 35), (171, 171, 50), (83, 89, 27), (196, 199, 113)]
[(198, 187, 189), (227, 201, 154), (210, 181, 131), (156, 156, 182), (168, 148, 122)]
[(20, 30, 26), (13, 26, 21), (31, 41, 33), (39, 56, 45), (52, 71, 55)]
[(111, 108, 58), (151, 101, 62), (188, 129, 82), (131, 147, 83), (239, 236, 207)]
[(170, 183, 158), (152, 167, 142), (26, 24, 26), (147, 72, 47), (60, 48, 47)]
[(74, 64, 33), (54, 42, 26), (154, 174, 144), (181, 191, 142), (95, 88, 41)]
[(56, 57, 56), (72, 72, 70), (212, 189, 161), (91, 90, 85), (230, 209, 179)]
[(127, 169, 106), (147, 186, 129), (237, 223, 54), (189, 193, 48), (17, 24, 30)]
[(192, 152, 88), (178, 131, 59), (215, 158, 59), (223, 176, 91), (157, 141, 105)]
[(162, 164, 68), (147, 147, 56), (73, 82, 39), (188, 149, 106), (125, 101, 78)]
[(208, 208, 216), (223, 223, 230), (192, 192, 200), (176, 176, 184), (160, 160, 168)]
[(33, 36, 37), (204, 177, 117), (227, 205, 147), (169, 142, 83), (118, 109, 62)]
[(189, 178, 147), (165, 156, 126), (206, 199, 172), (114, 113, 85), (138, 136, 106)]
[(108, 59, 28), (74, 35, 18), (138, 86, 40), (173, 112, 49), (36, 15, 11)]
[(235, 204, 151), (143, 140, 125), (194, 168, 124), (174, 135, 84), (233, 218, 190)]
[(20, 22, 18), (12, 13, 10), (29, 27, 28), (30, 42, 22), (38, 40, 37)]
[(14, 5, 4), (23, 12, 11), (33, 20, 18), (55, 34, 28), (120, 82, 57)]
[(143, 120, 27), (19, 12, 5), (43, 30, 11), (123, 97, 19), (70, 51, 14)]
[(17, 7, 8), (33, 19, 17), (52, 33, 26), (75, 55, 39), (187, 122, 59)]
[(128, 168, 177), (147, 184, 191), (127, 151, 143), (108, 151, 161), (96, 128, 129)]
[(88, 107, 24), (53, 73, 26), (130, 130, 38), (79, 123, 69), (19, 28, 12)]
[(186, 193, 192), (153, 155, 146), (170, 173, 168), (137, 134, 124), (204, 211, 209)]
[(73, 74, 81), (58, 59, 71), (27, 19, 39), (45, 38, 55), (90, 90, 96)]
[(42, 34, 25), (211, 212, 201), (59, 52, 43), (191, 192, 180), (173, 172, 161)]
[(239, 240, 219), (217, 220, 196), (100, 182, 138), (117, 138, 120), (63, 162, 115)]
[(250, 248, 242), (239, 235, 226), (220, 214, 205), (194, 188, 179), (168, 161, 152)]
[(250, 249, 227), (246, 241, 206), (236, 226, 187), (220, 207, 169), (216, 191, 142)]
[(234, 208, 167), (244, 222, 184), (221, 193, 152), (206, 178, 137), (186, 160, 124)]
[(201, 162, 115), (216, 178, 129), (186, 144, 98), (60, 37, 18), (84, 57, 29)]
[(249, 235, 202), (252, 244, 213), (241, 226, 192), (229, 213, 179), (215, 199, 164)]
[(240, 224, 184), (229, 211, 158), (211, 191, 131), (118, 100, 43), (89, 73, 25)]
[(84, 103, 66), (102, 121, 82), (129, 143, 95), (68, 79, 47), (162, 167, 112)]
[(203, 204, 203), (175, 162, 109), (189, 178, 135), (166, 180, 167), (152, 148, 88)]
[(160, 158, 161), (175, 173, 176), (130, 128, 131), (145, 143, 146), (112, 110, 113)]
[(20, 17, 16), (93, 72, 53), (59, 43, 30), (38, 64, 109), (26, 42, 66)]
[(195, 180, 140), (134, 148, 178), (177, 153, 108), (76, 117, 170), (126, 146, 123)]
[(50, 82, 95), (76, 107, 109), (148, 143, 135), (29, 51, 77), (110, 130, 125)]
[(243, 230, 201), (234, 218, 188), (219, 201, 174), (197, 181, 158), (172, 157, 137)]
[(229, 221, 203), (224, 215, 195), (159, 149, 136), (207, 196, 176), (136, 128, 117)]
[(236, 236, 236), (221, 222, 222), (202, 203, 202), (181, 182, 181), (159, 160, 160)]
[(91, 72, 33), (227, 201, 53), (121, 118, 44), (47, 37, 20), (234, 211, 166)]
[(9, 9, 5), (198, 184, 162), (64, 52, 37), (220, 207, 184), (176, 160, 138)]
[(19, 13, 16), (115, 119, 79), (137, 137, 102), (160, 158, 123), (41, 33, 28)]
[(212, 216, 195), (193, 197, 172), (150, 166, 183), (121, 143, 168), (100, 118, 141)]
[(249, 231, 169), (46, 38, 31), (72, 59, 48), (237, 205, 149), (21, 16, 14)]
[(43, 52, 66), (33, 39, 48), (109, 92, 85), (126, 110, 100), (63, 71, 85)]
[(191, 153, 13), (247, 234, 139), (233, 212, 123), (164, 118, 20), (141, 97, 21)]
[(49, 92, 111), (34, 75, 97), (25, 56, 77), (21, 35, 49), (71, 106, 123)]
[(40, 14, 2), (32, 9, 2), (54, 25, 5), (47, 20, 4), (61, 31, 6)]
[(251, 253, 236), (249, 245, 220), (239, 229, 203), (219, 210, 188), (199, 190, 169)]
[(63, 105, 48), (32, 56, 97), (64, 80, 101), (46, 62, 51), (23, 38, 31)]
[(149, 127, 94), (169, 146, 109), (128, 108, 78), (106, 90, 63), (189, 165, 126)]
[(85, 71, 34), (134, 102, 38), (64, 53, 27), (111, 79, 32), (103, 96, 50)]
[(60, 104, 163), (39, 67, 126), (152, 111, 63), (74, 91, 90), (114, 72, 37)]
[(183, 180, 130), (200, 197, 148), (157, 160, 113), (84, 77, 48), (121, 90, 53)]
[(201, 167, 91), (196, 175, 142), (161, 140, 106), (169, 120, 52), (111, 100, 44)]
[(134, 99, 90), (91, 66, 71), (67, 121, 230), (243, 227, 70), (34, 72, 196)]
[(74, 57, 25), (47, 35, 13), (116, 81, 34), (145, 129, 43), (148, 94, 49)]
[(19, 12, 7), (47, 35, 23), (78, 56, 36), (156, 123, 95), (123, 89, 59)]
[(92, 163, 154), (29, 23, 33), (80, 133, 130), (114, 186, 177), (45, 44, 55)]
[(149, 139, 105), (180, 168, 132), (92, 91, 48), (216, 195, 107), (215, 198, 156)]
[(63, 85, 65), (166, 107, 65), (102, 111, 93), (176, 186, 181), (130, 158, 167)]
[(107, 128, 84), (170, 176, 119), (144, 154, 96), (72, 98, 76), (98, 104, 55)]
[(191, 190, 185), (201, 200, 195), (181, 181, 176), (211, 210, 205), (171, 170, 165)]
[(149, 178, 137), (128, 122, 84), (162, 119, 53), (75, 66, 42), (134, 153, 113)]
[(209, 192, 168), (196, 179, 155), (222, 206, 182), (181, 165, 141), (163, 147, 124)]
[(90, 73, 74), (126, 80, 66), (63, 54, 59), (96, 54, 46), (41, 32, 41)]
[(117, 104, 76), (63, 102, 81), (168, 121, 75), (36, 56, 72), (163, 152, 140)]
[(200, 216, 230), (225, 230, 232), (202, 199, 195), (115, 78, 42), (171, 163, 151)]
[(24, 20, 30), (43, 34, 41), (63, 49, 52), (86, 69, 66), (112, 90, 81)]
[(29, 24, 22), (44, 39, 36), (61, 56, 51), (78, 72, 67), (95, 90, 83)]
[(207, 196, 152), (207, 169, 88), (13, 16, 10), (187, 146, 66), (41, 43, 32)]
[(127, 164, 105), (158, 180, 142), (68, 97, 66), (94, 126, 97), (196, 200, 176)]
[(137, 116, 76), (158, 134, 90), (113, 98, 63), (89, 78, 50), (180, 154, 105)]
[(98, 127, 92), (198, 122, 41), (66, 88, 85), (219, 154, 61), (69, 122, 152)]
[(100, 93, 52), (129, 126, 83), (58, 59, 34), (177, 154, 88), (17, 18, 11)]
[(225, 202, 111), (134, 117, 75), (202, 176, 96), (104, 89, 45), (121, 166, 39)]
[(80, 97, 106), (55, 66, 72), (196, 153, 99), (110, 128, 134), (26, 33, 39)]
[(239, 228, 216), (231, 214, 198), (213, 195, 179), (194, 175, 158), (174, 155, 137)]
[(46, 41, 32), (168, 129, 75), (23, 20, 18), (185, 149, 96), (139, 102, 53)]
[(218, 223, 207), (234, 235, 220), (198, 209, 200), (42, 41, 30), (21, 20, 17)]
[(53, 34, 37), (22, 11, 13), (114, 89, 65), (84, 59, 43), (117, 103, 112)]
[(117, 98, 74), (49, 128, 221), (33, 86, 178), (153, 137, 106), (162, 136, 49)]
[(174, 164, 154), (159, 149, 137), (189, 179, 172), (126, 150, 127), (113, 136, 113)]
[(111, 99, 59), (87, 75, 51), (61, 50, 37), (123, 118, 86), (152, 147, 110)]
[(179, 177, 56), (138, 139, 44), (230, 215, 62), (237, 231, 163), (35, 23, 19)]
[(64, 81, 95), (49, 52, 47), (83, 111, 137), (194, 167, 150), (113, 146, 174)]
[(241, 239, 237), (222, 221, 219), (203, 202, 202), (180, 180, 179), (154, 154, 153)]
[(237, 240, 226), (225, 226, 213), (211, 212, 199), (193, 193, 180), (172, 171, 158)]
[(227, 221, 221), (217, 211, 211), (237, 231, 231), (254, 253, 253), (188, 183, 183)]
[(167, 167, 156), (153, 153, 142), (184, 184, 172), (27, 22, 13), (200, 201, 189)]
[(23, 36, 25), (39, 52, 39), (226, 217, 194), (57, 70, 55), (76, 88, 72)]
[(234, 225, 209), (221, 209, 190), (202, 189, 172), (64, 48, 50), (249, 244, 234)]
[(62, 60, 63), (50, 48, 51), (73, 71, 74), (120, 118, 121), (103, 101, 104)]
[(30, 12, 12), (147, 98, 49), (121, 74, 37), (175, 119, 59), (89, 50, 30)]
[(56, 93, 122), (65, 110, 140), (199, 184, 174), (69, 58, 47), (176, 160, 149)]
[(237, 200, 162), (244, 210, 171), (219, 185, 152), (200, 167, 136), (180, 149, 119)]
[(15, 7, 4), (35, 20, 11), (62, 37, 21), (92, 58, 33), (126, 82, 45)]
[(12, 11, 8), (26, 21, 16), (216, 197, 171), (46, 33, 25), (198, 177, 151)]
[(101, 97, 75), (88, 87, 69), (113, 107, 81), (125, 119, 91), (139, 132, 103)]
[(36, 70, 96), (26, 53, 78), (49, 91, 118), (20, 29, 48), (193, 185, 179)]
[(105, 173, 118), (215, 177, 115), (109, 78, 52), (182, 139, 86), (75, 50, 33)]
[(112, 81, 75), (200, 110, 70), (160, 95, 75), (69, 62, 67), (28, 31, 50)]
[(101, 87, 49), (67, 63, 36), (144, 99, 57), (179, 136, 83), (212, 167, 114)]
[(56, 41, 29), (78, 61, 44), (31, 22, 14), (102, 83, 59), (172, 145, 79)]
[(37, 28, 19), (51, 41, 28), (71, 56, 37), (96, 70, 40), (141, 105, 49)]
[(118, 118, 115), (131, 130, 128), (147, 146, 144), (55, 55, 52), (105, 105, 101)]
[(45, 45, 46), (65, 65, 65), (29, 29, 29), (87, 87, 87), (156, 156, 156)]
[(168, 112, 57), (143, 99, 53), (186, 134, 66), (7, 12, 6), (31, 38, 23)]
[(138, 84, 49), (185, 115, 53), (241, 191, 63), (95, 55, 42), (243, 215, 111)]
[(66, 70, 69), (78, 82, 81), (55, 60, 59), (92, 96, 94), (108, 111, 109)]
[(216, 235, 239), (196, 215, 219), (65, 67, 62), (154, 112, 61), (108, 100, 86)]
[(94, 98, 79), (114, 74, 52), (83, 86, 61), (132, 94, 69), (83, 61, 40)]
[(33, 22, 22), (44, 31, 29), (22, 13, 13), (62, 41, 33), (88, 59, 42)]
[(187, 200, 216), (225, 223, 214), (203, 201, 185), (160, 182, 199), (170, 150, 75)]
[(119, 143, 41), (154, 169, 59), (83, 113, 40), (107, 147, 91), (240, 246, 241)]
[(237, 218, 168), (230, 210, 158), (240, 226, 184), (213, 193, 142), (32, 30, 14)]
[(237, 220, 179), (226, 208, 167), (46, 43, 36), (59, 57, 48), (208, 194, 156)]
[(241, 154, 59), (108, 79, 47), (69, 109, 132), (51, 78, 84), (14, 16, 11)]
[(124, 141, 90), (96, 116, 70), (174, 179, 156), (155, 166, 115), (66, 75, 66)]
[(219, 204, 177), (202, 187, 160), (186, 171, 143), (168, 154, 126), (235, 221, 196)]
[(215, 197, 135), (183, 176, 134), (169, 155, 106), (223, 215, 167), (209, 172, 94)]
[(121, 93, 33), (146, 122, 42), (87, 138, 134), (158, 161, 81), (149, 199, 154)]
[(56, 38, 24), (122, 98, 62), (141, 116, 79), (100, 80, 48), (242, 217, 121)]
[(174, 194, 141), (143, 188, 205), (127, 154, 126), (210, 227, 189), (191, 165, 72)]
[(240, 240, 240), (170, 174, 173), (148, 152, 151), (193, 196, 194), (126, 130, 129)]
[(245, 232, 200), (235, 219, 171), (211, 193, 140), (66, 50, 22), (31, 21, 10)]
[(199, 197, 200), (177, 175, 178), (155, 154, 157), (214, 212, 215), (35, 34, 37)]
[(63, 46, 37), (192, 182, 124), (95, 72, 65), (27, 21, 16), (122, 51, 29)]
[(236, 228, 226), (208, 212, 217), (58, 97, 98), (35, 47, 63), (85, 117, 136)]
[(172, 172, 172), (195, 195, 195), (149, 149, 149), (126, 126, 126), (246, 246, 246)]
[(27, 43, 28), (69, 80, 51), (189, 170, 102), (48, 63, 39), (163, 151, 92)]
[(173, 168, 135), (181, 182, 172), (153, 163, 170), (139, 145, 135), (161, 150, 92)]
[(203, 196, 127), (238, 232, 178), (116, 131, 123), (198, 206, 178), (123, 125, 73)]
[(239, 235, 235), (221, 219, 219), (201, 199, 200), (178, 177, 177), (154, 153, 154)]
[(205, 160, 108), (192, 145, 95), (176, 130, 83), (218, 175, 120), (47, 28, 18)]
[(88, 112, 102), (97, 128, 124), (71, 94, 85), (143, 160, 153), (116, 145, 146)]
[(110, 144, 85), (95, 108, 65), (72, 77, 49), (19, 20, 12), (46, 49, 31)]
[(127, 103, 85), (101, 72, 29), (126, 91, 40), (74, 53, 21), (104, 84, 68)]
[(152, 152, 78), (87, 93, 56), (121, 122, 63), (186, 174, 88), (61, 58, 34)]
[(225, 216, 205), (109, 115, 28), (151, 120, 30), (74, 104, 29), (182, 175, 130)]
[(166, 189, 184), (147, 168, 161), (67, 89, 23), (191, 214, 210), (96, 115, 38)]
[(76, 50, 23), (39, 30, 15), (121, 72, 26), (166, 104, 34), (133, 112, 78)]
[(96, 125, 110), (130, 143, 113), (151, 162, 136), (52, 77, 86), (69, 103, 93)]
[(121, 145, 74), (140, 161, 94), (42, 44, 57), (49, 32, 20), (56, 66, 87)]
[(33, 29, 16), (94, 82, 39), (62, 53, 27), (174, 150, 38), (211, 177, 36)]
[(59, 84, 48), (81, 105, 63), (39, 58, 34), (102, 124, 87), (17, 28, 17)]
[(12, 82, 164), (175, 146, 84), (210, 169, 92), (180, 172, 116), (140, 117, 69)]
[(244, 225, 101), (245, 202, 58), (87, 85, 52), (130, 116, 66), (15, 14, 9)]
[(43, 54, 73), (29, 36, 47), (63, 75, 94), (95, 122, 134), (133, 157, 152)]
[(95, 178, 178), (40, 155, 145), (113, 158, 121), (70, 111, 91), (34, 76, 123)]
[(199, 177, 176), (36, 51, 67), (224, 199, 200), (173, 159, 142), (21, 30, 44)]
[(10, 10, 5), (28, 27, 13), (73, 66, 28), (89, 84, 41), (119, 124, 75)]
[(11, 13, 27), (146, 90, 9), (14, 17, 45), (162, 110, 13), (120, 70, 12)]
[(207, 201, 195), (228, 221, 212), (185, 180, 175), (163, 158, 155), (245, 240, 228)]
[(94, 139, 50), (134, 157, 53), (56, 111, 46), (174, 177, 65), (30, 61, 41)]
[(218, 156, 50), (185, 125, 43), (82, 52, 22), (111, 127, 83), (145, 158, 123)]
[(113, 153, 189), (87, 124, 89), (59, 93, 67), (30, 57, 55), (120, 153, 118)]
[(56, 65, 57), (211, 152, 52), (216, 175, 93), (126, 115, 87), (103, 78, 61)]
[(28, 29, 25), (37, 42, 32), (18, 18, 16), (64, 76, 38), (77, 92, 45)]
[(17, 33, 25), (29, 50, 40), (50, 71, 52), (45, 86, 85), (71, 93, 67)]
[(242, 240, 244), (227, 223, 231), (46, 18, 20), (73, 44, 37), (99, 73, 57)]
[(182, 185, 177), (207, 206, 191), (158, 164, 167), (163, 132, 93), (184, 162, 125)]
[(113, 83, 51), (191, 142, 78), (154, 109, 61), (74, 53, 31), (225, 177, 95)]
[(75, 98, 65), (103, 72, 32), (119, 102, 38), (89, 115, 80), (94, 43, 23)]
[(173, 169, 163), (160, 158, 152), (147, 145, 139), (186, 182, 176), (131, 129, 124)]
[(72, 82, 36), (136, 107, 36), (243, 246, 249), (20, 29, 15), (56, 126, 217)]
[(155, 151, 46), (87, 93, 33), (118, 124, 36), (195, 178, 65), (55, 59, 19)]
[(179, 154, 110), (107, 102, 77), (124, 115, 85), (143, 128, 93), (161, 142, 104)]
[(170, 139, 83), (238, 211, 117), (235, 204, 70), (206, 176, 112), (204, 166, 72)]
[(111, 64, 16), (27, 29, 12), (125, 102, 33), (147, 82, 21), (175, 108, 29)]
[(212, 214, 203), (199, 200, 190), (228, 230, 217), (181, 181, 170), (163, 162, 151)]
[(160, 152, 54), (185, 176, 72), (88, 108, 54), (118, 131, 67), (111, 138, 151)]
[(70, 64, 42), (84, 76, 51), (100, 90, 62), (57, 51, 31), (118, 105, 73)]
[(57, 60, 61), (69, 73, 80), (80, 84, 102), (43, 45, 45), (83, 90, 133)]
[(183, 188, 179), (119, 135, 143), (163, 156, 140), (138, 116, 95), (134, 165, 186)]
[(114, 118, 115), (134, 138, 135), (94, 97, 93), (153, 159, 158), (176, 180, 179)]
[(219, 197, 148), (202, 181, 133), (234, 213, 165), (183, 163, 119), (162, 145, 104)]
[(62, 113, 67), (86, 133, 83), (39, 91, 51), (172, 189, 190), (166, 158, 158)]
[(219, 202, 167), (206, 191, 158), (228, 213, 184), (186, 170, 142), (164, 148, 122)]
[(158, 126, 82), (139, 108, 70), (9, 9, 7), (30, 26, 22), (117, 89, 59)]
[(73, 64, 56), (59, 54, 49), (72, 77, 74), (97, 82, 65), (40, 40, 38)]
[(172, 184, 176), (147, 163, 154), (123, 140, 130), (105, 117, 101), (79, 93, 76)]
[(32, 18, 24), (16, 6, 7), (41, 28, 48), (52, 41, 77), (75, 53, 36)]
[(184, 136, 75), (89, 56, 31), (130, 92, 57), (159, 116, 69), (105, 73, 47)]
[(234, 211, 91), (239, 229, 149), (156, 96, 55), (198, 131, 56), (106, 118, 94)]
[(88, 128, 68), (105, 148, 84), (77, 99, 56), (142, 144, 103), (166, 166, 122)]
[(129, 157, 84), (161, 167, 60), (170, 178, 117), (111, 123, 42), (201, 195, 75)]
[(38, 74, 103), (27, 58, 85), (18, 40, 66), (56, 85, 110), (79, 110, 129)]
[(7, 4, 4), (26, 17, 13), (49, 35, 22), (74, 57, 31), (96, 80, 40)]
[(123, 180, 206), (198, 190, 132), (144, 126, 61), (183, 162, 84), (103, 133, 81)]
[(44, 32, 27), (19, 14, 16), (85, 36, 22), (62, 58, 49), (131, 50, 29)]
[(74, 50, 61), (227, 214, 163), (50, 25, 39), (203, 184, 141), (182, 150, 109)]
[(231, 226, 194), (212, 206, 171), (207, 168, 28), (226, 193, 53), (183, 177, 146)]
[(89, 104, 111), (64, 83, 87), (115, 127, 133), (151, 157, 165), (132, 115, 84)]
[(54, 37, 22), (67, 52, 27), (42, 25, 17), (83, 68, 34), (98, 85, 41)]
[(170, 147, 21), (137, 170, 230), (132, 151, 144), (81, 104, 105), (202, 177, 57)]
[(31, 25, 14), (49, 42, 28), (104, 90, 49), (79, 65, 37), (131, 115, 63)]
[(134, 124, 70), (154, 85, 31), (112, 99, 54), (119, 60, 21), (72, 40, 15)]
[(174, 192, 141), (154, 176, 109), (187, 62, 44), (152, 44, 33), (209, 204, 200)]
[(62, 66, 65), (54, 58, 57), (75, 78, 77), (92, 94, 93), (110, 111, 110)]
[(59, 69, 73), (194, 204, 86), (31, 41, 48), (87, 95, 112), (156, 188, 80)]
[(222, 197, 139), (229, 205, 151), (213, 186, 127), (201, 174, 115), (189, 162, 102)]
[(80, 85, 66), (59, 68, 51), (103, 103, 79), (138, 165, 125), (120, 136, 103)]
[(235, 237, 236), (217, 219, 218), (24, 27, 26), (44, 48, 46), (66, 70, 68)]
[(243, 238, 230), (230, 225, 216), (76, 74, 70), (213, 208, 199), (61, 58, 55)]
[(6, 5, 3), (22, 16, 12), (40, 31, 23), (61, 47, 37), (82, 65, 50)]
[(57, 36, 16), (104, 64, 30), (117, 73, 36), (89, 55, 25), (71, 46, 21)]
[(81, 124, 175), (49, 92, 160), (117, 157, 179), (12, 37, 49), (40, 74, 75)]
[(207, 204, 185), (200, 191, 160), (230, 224, 206), (166, 174, 183), (168, 163, 133)]
[(124, 144, 79), (48, 77, 56), (159, 175, 106), (91, 112, 52), (76, 111, 92)]
[(214, 108, 25), (91, 45, 68), (25, 110, 77), (183, 68, 73), (43, 42, 57)]
[(69, 51, 30), (40, 26, 13), (93, 82, 53), (134, 177, 192), (132, 166, 161)]
[(160, 126, 56), (128, 103, 48), (180, 233, 243), (192, 156, 80), (237, 247, 243)]
[(234, 218, 167), (223, 196, 115), (231, 230, 220), (26, 72, 122), (186, 183, 176)]
[(240, 201, 157), (245, 211, 169), (224, 189, 150), (207, 174, 136), (189, 156, 120)]
[(117, 139, 114), (99, 110, 83), (83, 86, 52), (191, 189, 148), (238, 205, 130)]
[(208, 189, 77), (51, 57, 45), (193, 168, 47), (186, 169, 85), (25, 22, 19)]
[(51, 67, 31), (17, 25, 13), (82, 108, 55), (75, 108, 168), (128, 141, 101)]
[(199, 212, 215), (155, 154, 129), (127, 125, 101), (175, 137, 33), (189, 163, 80)]
[(96, 83, 57), (48, 46, 39), (81, 71, 49), (66, 59, 43), (33, 33, 28)]
[(182, 139, 23), (147, 116, 21), (197, 163, 61), (113, 148, 159), (150, 177, 186)]
[(196, 167, 124), (156, 128, 93), (88, 70, 52), (65, 51, 37), (176, 148, 108)]
[(165, 93, 23), (72, 78, 56), (110, 114, 76), (118, 68, 24), (49, 39, 23)]
[(124, 150, 57), (169, 184, 76), (92, 115, 39), (57, 76, 31), (80, 111, 101)]
[(178, 198, 217), (127, 148, 143), (93, 121, 114), (58, 83, 97), (214, 223, 238)]
[(207, 215, 227), (156, 109, 37), (190, 150, 55), (123, 67, 24), (171, 192, 197)]
[(226, 224, 233), (213, 210, 219), (202, 197, 201), (188, 182, 180), (136, 125, 103)]
[(219, 197, 156), (203, 178, 135), (237, 215, 170), (183, 156, 115), (18, 11, 5)]
[(53, 103, 179), (21, 128, 144), (26, 73, 136), (74, 149, 154), (160, 120, 50)]
[(225, 211, 176), (236, 223, 190), (212, 197, 162), (194, 180, 149), (177, 164, 135)]
[(75, 63, 40), (158, 181, 160), (141, 159, 140), (91, 82, 74), (190, 206, 181)]
[(42, 45, 45), (55, 58, 58), (208, 208, 202), (71, 74, 72), (224, 222, 216)]
[(122, 79, 65), (80, 96, 83), (45, 69, 67), (85, 59, 53), (118, 124, 99)]
[(164, 174, 165), (200, 198, 178), (230, 227, 211), (127, 145, 154), (116, 122, 108)]
[(200, 193, 165), (215, 208, 180), (183, 179, 152), (161, 160, 137), (80, 85, 68)]
[(62, 66, 64), (192, 192, 188), (48, 52, 51), (78, 80, 78), (207, 207, 202)]
[(217, 216, 197), (97, 109, 84), (205, 200, 172), (236, 234, 211), (67, 76, 56)]
[(60, 41, 12), (48, 27, 8), (72, 55, 18), (128, 133, 73), (87, 73, 24)]
[(108, 118, 127), (114, 135, 163), (94, 66, 33), (98, 96, 91), (71, 41, 18)]
[(217, 215, 159), (216, 202, 143), (207, 185, 128), (215, 217, 180), (193, 166, 112)]
[(172, 175, 137), (191, 194, 153), (210, 215, 173), (152, 156, 122), (230, 236, 192)]
[(157, 94, 30), (196, 132, 44), (229, 173, 66), (174, 206, 218), (102, 62, 24)]
[(45, 68, 17), (60, 97, 33), (25, 25, 7), (78, 147, 67), (165, 52, 7)]
[(166, 161, 79), (135, 137, 62), (107, 108, 46), (69, 78, 46), (22, 39, 47)]
[(34, 36, 36), (18, 20, 20), (53, 55, 54), (73, 75, 74), (95, 96, 96)]
[(249, 215, 174), (240, 208, 167), (227, 197, 159), (208, 181, 146), (82, 66, 49)]
[(143, 174, 92), (129, 158, 90), (182, 161, 83), (159, 174, 106), (151, 139, 74)]
[(239, 226, 195), (227, 214, 179), (248, 239, 213), (214, 200, 164), (199, 185, 147)]
[(47, 68, 37), (76, 101, 56), (24, 31, 17), (111, 134, 70), (167, 148, 45)]
[(24, 17, 15), (12, 8, 7), (39, 27, 22), (99, 77, 44), (58, 41, 30)]
[(157, 187, 70), (146, 165, 38), (74, 89, 54), (108, 132, 42), (212, 190, 22)]
[(52, 51, 49), (25, 19, 18), (79, 76, 91), (139, 111, 70), (196, 148, 89)]
[(18, 14, 7), (198, 208, 202), (172, 146, 32), (223, 226, 221), (57, 44, 18)]
[(222, 196, 95), (229, 211, 133), (173, 116, 14), (196, 163, 67), (81, 133, 115)]
[(226, 227, 222), (216, 217, 212), (60, 64, 64), (71, 75, 76), (201, 202, 199)]
[(174, 191, 196), (93, 112, 81), (160, 174, 179), (119, 125, 95), (73, 90, 68)]
[(72, 97, 60), (48, 67, 46), (102, 128, 66), (141, 158, 84), (214, 229, 183)]
[(48, 53, 44), (107, 82, 56), (27, 34, 28), (80, 64, 41), (63, 77, 72)]
[(175, 135, 74), (191, 154, 95), (160, 133, 100), (146, 116, 76), (216, 197, 167)]
[(226, 226, 228), (209, 209, 213), (13, 12, 21), (189, 189, 195), (34, 33, 41)]
[(15, 16, 10), (21, 22, 16), (31, 29, 19), (8, 10, 6), (26, 21, 11)]
[(207, 209, 209), (187, 188, 188), (165, 167, 167), (229, 230, 230), (143, 146, 145)]
[(234, 175, 54), (225, 150, 52), (191, 125, 70), (216, 119, 58), (174, 94, 61)]
[(222, 221, 217), (205, 204, 200), (235, 234, 230), (185, 184, 180), (49, 48, 44)]
[(206, 168, 100), (183, 141, 80), (105, 95, 59), (169, 207, 163), (74, 63, 48)]
[(41, 40, 41), (19, 20, 24), (97, 122, 105), (66, 63, 59), (91, 86, 75)]
[(59, 60, 59), (72, 73, 73), (86, 87, 87), (100, 101, 101), (131, 132, 133)]
[(68, 117, 77), (39, 43, 33), (73, 77, 52), (115, 130, 72), (61, 149, 110)]
[(246, 245, 210), (225, 222, 195), (58, 46, 22), (186, 151, 91), (24, 17, 7)]
[(70, 56, 47), (60, 45, 37), (224, 208, 194), (212, 196, 183), (84, 71, 61)]
[(171, 188, 206), (200, 206, 220), (232, 230, 233), (88, 128, 86), (44, 72, 64)]
[(150, 156, 149), (184, 183, 174), (187, 172, 136), (147, 135, 107), (72, 87, 99)]
[(55, 46, 27), (38, 33, 16), (67, 61, 51), (81, 78, 87), (91, 71, 27)]
[(196, 181, 147), (246, 239, 237), (158, 152, 128), (120, 172, 204), (207, 206, 201)]
[(94, 132, 62), (136, 155, 83), (144, 161, 146), (199, 200, 161), (105, 124, 114)]
[(21, 18, 35), (72, 67, 65), (40, 42, 56), (107, 77, 48), (68, 44, 30)]
[(234, 236, 235), (220, 222, 222), (199, 202, 201), (175, 178, 177), (148, 152, 151)]
[(61, 48, 33), (42, 31, 20), (78, 69, 47), (94, 90, 65), (13, 12, 10)]
[(240, 227, 210), (248, 235, 218), (232, 219, 201), (216, 205, 185), (194, 184, 162)]
[(82, 116, 145), (35, 45, 42), (106, 136, 167), (67, 83, 84), (229, 186, 129)]
[(220, 219, 215), (210, 209, 204), (196, 195, 190), (179, 178, 173), (120, 119, 114)]
[(46, 26, 23), (62, 38, 29), (30, 15, 13), (82, 50, 35), (152, 63, 28)]
[(87, 87, 39), (240, 209, 180), (117, 115, 45), (59, 55, 22), (160, 142, 58)]
[(16, 13, 10), (65, 57, 50), (40, 35, 30), (88, 78, 70), (112, 99, 90)]
[(146, 144, 24), (206, 148, 23), (175, 194, 54), (101, 121, 18), (87, 147, 131)]
[(209, 210, 197), (219, 221, 208), (194, 194, 181), (175, 174, 161), (156, 153, 139)]
[(174, 116, 53), (149, 92, 43), (162, 191, 178), (236, 181, 50), (204, 140, 45)]
[(81, 126, 109), (64, 113, 99), (94, 123, 93), (106, 136, 108), (35, 55, 33)]
[(220, 220, 202), (143, 175, 187), (175, 203, 210), (202, 196, 172), (109, 142, 153)]
[(232, 217, 177), (232, 209, 153), (239, 229, 199), (209, 190, 158), (186, 164, 138)]
[(39, 66, 47), (48, 74, 55), (63, 82, 61), (30, 58, 40), (77, 89, 62)]
[(67, 67, 67), (85, 85, 85), (50, 49, 49), (32, 30, 31), (16, 13, 14)]
[(188, 167, 80), (118, 141, 185), (149, 175, 214), (210, 191, 101), (163, 137, 66)]
[(193, 183, 166), (211, 200, 183), (176, 165, 149), (159, 145, 129), (141, 125, 108)]
[(88, 79, 65), (70, 66, 59), (105, 93, 72), (53, 52, 50), (119, 109, 86)]
[(139, 122, 106), (116, 100, 91), (22, 12, 20), (92, 77, 73), (47, 31, 37)]
[(63, 40, 25), (87, 61, 37), (129, 122, 78), (110, 94, 56), (149, 149, 103)]
[(223, 162, 40), (88, 96, 30), (121, 112, 30), (66, 57, 19), (25, 17, 6)]
[(230, 199, 159), (199, 164, 142), (248, 246, 195), (125, 82, 68), (73, 48, 40)]
[(225, 205, 198), (233, 222, 219), (216, 187, 174), (249, 244, 233), (142, 71, 34)]
[(124, 102, 79), (143, 120, 95), (105, 84, 62), (160, 138, 113), (82, 63, 44)]
[(153, 160, 70), (23, 125, 206), (13, 99, 188), (120, 130, 48), (206, 215, 163)]
[(242, 226, 170), (205, 204, 187), (231, 231, 226), (174, 192, 222), (170, 174, 161)]
[(207, 206, 198), (118, 88, 33), (191, 194, 177), (93, 65, 24), (141, 112, 43)]
[(123, 103, 56), (146, 131, 72), (106, 48, 43), (172, 159, 94), (204, 189, 124)]
[(185, 194, 185), (170, 177, 163), (43, 33, 14), (155, 156, 133), (56, 62, 40)]
[(175, 169, 47), (149, 148, 40), (53, 77, 38), (116, 130, 45), (198, 192, 62)]
[(215, 212, 201), (63, 47, 34), (26, 20, 17), (177, 184, 190), (124, 92, 59)]
[(181, 188, 188), (164, 169, 170), (157, 148, 138), (205, 209, 202), (62, 38, 53)]
[(2, 4, 3), (10, 13, 9), (20, 23, 17), (109, 119, 84), (59, 60, 34)]
[(215, 206, 194), (224, 215, 205), (63, 58, 54), (199, 192, 183), (44, 39, 37)]
[(232, 219, 171), (227, 213, 162), (238, 227, 180), (219, 205, 154), (206, 193, 142)]
[(202, 183, 177), (151, 129, 81), (169, 163, 133), (102, 107, 76), (133, 96, 46)]
[(230, 223, 211), (216, 210, 200), (241, 234, 221), (201, 196, 187), (184, 178, 171)]
[(19, 16, 15), (7, 7, 6), (35, 30, 25), (52, 45, 35), (70, 60, 46)]
[(72, 93, 132), (161, 128, 89), (193, 159, 108), (121, 98, 79), (104, 124, 157)]
[(191, 195, 196), (207, 210, 211), (173, 178, 178), (152, 156, 157), (128, 133, 133)]
[(22, 14, 16), (34, 24, 25), (51, 36, 36), (74, 55, 51), (123, 99, 84)]
[(171, 193, 157), (132, 153, 128), (242, 237, 237), (74, 109, 69), (199, 206, 205)]
[(51, 115, 114), (79, 144, 146), (90, 75, 43), (30, 82, 80), (129, 111, 64)]
[(187, 201, 214), (91, 58, 31), (61, 37, 19), (119, 81, 45), (31, 17, 8)]
[(230, 213, 120), (217, 196, 98), (198, 173, 89), (236, 225, 145), (211, 196, 122)]
[(57, 86, 83), (54, 108, 120), (51, 54, 50), (49, 125, 159), (23, 21, 22)]
[(221, 217, 185), (214, 202, 155), (174, 192, 172), (197, 177, 123), (144, 165, 145)]
[(217, 203, 178), (207, 192, 169), (228, 213, 188), (191, 177, 156), (172, 158, 138)]
[(202, 200, 203), (187, 185, 188), (149, 147, 150), (131, 129, 132), (169, 167, 170)]
[(64, 62, 42), (27, 29, 23), (133, 74, 51), (150, 127, 79), (87, 102, 83)]
[(197, 198, 177), (221, 221, 199), (154, 127, 77), (129, 100, 58), (171, 172, 154)]
[(30, 26, 20), (23, 19, 12), (15, 10, 5), (42, 32, 28), (61, 38, 33)]
[(233, 202, 127), (221, 188, 117), (207, 174, 106), (244, 216, 138), (191, 158, 95)]
[(189, 205, 216), (215, 225, 230), (185, 161, 109), (159, 177, 202), (199, 189, 151)]
[(172, 65, 22), (133, 25, 5), (216, 108, 24), (103, 17, 5), (191, 82, 28)]
[(23, 22, 18), (47, 43, 29), (80, 67, 43), (244, 251, 248), (205, 232, 233)]
[(191, 150, 81), (117, 115, 54), (174, 131, 68), (209, 169, 97), (137, 131, 68)]
[(87, 141, 61), (58, 117, 42), (36, 79, 32), (141, 167, 121), (103, 138, 102)]
[(25, 26, 31), (225, 210, 188), (207, 191, 168), (48, 47, 50), (186, 171, 150)]
[(76, 67, 35), (98, 88, 49), (119, 110, 65), (142, 131, 80), (162, 153, 98)]
[(11, 6, 3), (25, 15, 10), (41, 28, 20), (59, 42, 30), (77, 57, 41)]
[(174, 141, 85), (101, 78, 59), (197, 166, 88), (69, 56, 32), (76, 127, 41)]
[(74, 51, 34), (45, 74, 102), (38, 52, 75), (148, 96, 45), (111, 72, 36)]
[(216, 194, 94), (198, 174, 55), (213, 200, 144), (188, 174, 117), (212, 210, 201)]
[(248, 222, 156), (133, 105, 71), (157, 126, 83), (108, 84, 60), (227, 195, 132)]
[(121, 152, 156), (90, 90, 60), (117, 128, 99), (160, 141, 85), (156, 166, 125)]
[(15, 1, 8), (20, 2, 17), (33, 8, 24), (72, 61, 45), (42, 22, 36)]
[(61, 81, 69), (205, 186, 142), (155, 127, 82), (103, 123, 97), (149, 159, 128)]
[(197, 180, 127), (97, 137, 131), (131, 164, 158), (179, 186, 167), (154, 154, 118)]
[(46, 145, 166), (73, 161, 179), (25, 120, 146), (106, 177, 192), (98, 112, 81)]
[(45, 44, 45), (66, 62, 58), (25, 26, 30), (89, 80, 70), (229, 195, 150)]
[(103, 128, 67), (64, 95, 42), (184, 192, 179), (147, 151, 92), (153, 164, 152)]
[(110, 83, 57), (154, 120, 79), (134, 100, 61), (176, 141, 98), (126, 102, 87)]
[(21, 25, 20), (31, 34, 26), (45, 46, 33), (64, 60, 38), (137, 119, 63)]
[(44, 58, 44), (58, 77, 56), (72, 100, 67), (30, 42, 29), (87, 129, 81)]
[(247, 232, 187), (237, 219, 174), (32, 31, 20), (11, 13, 6), (55, 50, 36)]
[(207, 190, 88), (166, 124, 58), (187, 153, 70), (102, 137, 193), (133, 163, 207)]
[(144, 93, 47), (126, 78, 40), (161, 108, 56), (105, 63, 31), (179, 124, 65)]
[(237, 234, 216), (229, 220, 201), (84, 80, 65), (66, 62, 50), (103, 98, 82)]
[(114, 104, 68), (78, 72, 52), (62, 55, 40), (96, 90, 61), (46, 37, 28)]
[(92, 71, 32), (113, 86, 38), (45, 39, 18), (69, 55, 26), (22, 20, 9)]
[(242, 197, 130), (223, 176, 114), (177, 130, 83), (153, 111, 68), (200, 152, 98)]
[(182, 111, 95), (158, 91, 79), (104, 84, 67), (199, 203, 191), (179, 182, 168)]
[(196, 195, 190), (206, 205, 200), (216, 215, 210), (176, 175, 171), (153, 152, 147)]
[(30, 36, 33), (51, 64, 55), (168, 187, 180), (245, 248, 244), (77, 97, 77)]
[(78, 44, 21), (65, 33, 16), (186, 164, 109), (93, 55, 28), (173, 153, 100)]
[(57, 43, 19), (75, 57, 27), (93, 77, 42), (109, 97, 62), (35, 25, 11)]
[(185, 54, 28), (79, 143, 110), (158, 51, 22), (61, 109, 88), (195, 86, 33)]
[(85, 71, 57), (65, 52, 41), (105, 90, 73), (42, 32, 25), (16, 10, 8)]
[(235, 212, 163), (240, 221, 176), (226, 203, 152), (206, 185, 140), (184, 164, 122)]
[(249, 244, 231), (232, 225, 214), (23, 19, 20), (45, 40, 40), (209, 203, 194)]
[(38, 89, 68), (55, 115, 88), (94, 181, 150), (128, 203, 175), (140, 105, 88)]
[(218, 192, 143), (206, 180, 129), (190, 165, 115), (172, 149, 101), (225, 202, 160)]
[(203, 190, 171), (184, 170, 152), (219, 210, 192), (164, 149, 132), (141, 126, 112)]
[(175, 199, 167), (227, 236, 241), (135, 180, 150), (177, 207, 234), (222, 220, 177)]
[(219, 171, 116), (200, 157, 109), (239, 206, 171), (159, 126, 87), (179, 142, 98)]
[(242, 217, 70), (121, 97, 78), (90, 72, 53), (221, 197, 63), (160, 134, 75)]
[(39, 65, 24), (222, 231, 235), (21, 43, 16), (192, 205, 227), (114, 149, 208)]
[(175, 167, 153), (157, 148, 131), (191, 185, 174), (68, 62, 49), (45, 42, 31)]
[(28, 44, 37), (37, 52, 43), (46, 61, 51), (57, 71, 60), (69, 82, 70)]
[(242, 233, 208), (216, 222, 203), (166, 210, 211), (51, 70, 49), (26, 39, 19)]
[(72, 76, 63), (62, 65, 53), (85, 89, 77), (235, 236, 234), (221, 223, 220)]
[(110, 89, 133), (210, 150, 48), (155, 118, 73), (176, 104, 23), (120, 79, 26)]
[(109, 158, 198), (88, 133, 174), (9, 12, 5), (39, 44, 21), (69, 74, 41)]
[(214, 113, 45), (46, 54, 45), (28, 30, 28), (170, 61, 40), (214, 166, 88)]
[(119, 144, 86), (153, 170, 85), (82, 111, 66), (195, 194, 102), (126, 134, 44)]
[(43, 41, 30), (99, 99, 90), (57, 56, 45), (113, 114, 105), (161, 160, 152)]
[(110, 134, 48), (206, 214, 205), (227, 234, 229), (23, 17, 15), (64, 50, 35)]
[(50, 45, 45), (63, 61, 69), (111, 68, 37), (201, 108, 47), (223, 140, 67)]
[(21, 21, 18), (12, 13, 10), (31, 31, 21), (44, 44, 22), (60, 58, 23)]
[(214, 163, 120), (239, 198, 147), (144, 116, 92), (242, 223, 184), (119, 92, 66)]
[(196, 176, 159), (210, 191, 178), (184, 161, 136), (166, 141, 110), (81, 65, 48)]
[(32, 19, 12), (45, 37, 29), (55, 60, 44), (123, 123, 92), (111, 107, 64)]
[(186, 166, 111), (101, 99, 64), (73, 108, 106), (53, 70, 61), (128, 131, 107)]
[(19, 20, 25), (42, 45, 50), (62, 75, 77), (87, 105, 105), (221, 169, 67)]
[(215, 176, 124), (221, 182, 129), (207, 169, 119), (200, 161, 111), (191, 151, 101)]
[(48, 67, 21), (79, 100, 36), (180, 130, 24), (122, 157, 114), (17, 32, 9)]
[(86, 93, 44), (71, 51, 21), (137, 44, 18), (147, 176, 190), (142, 96, 47)]
[(171, 188, 180), (207, 212, 183), (158, 169, 146), (159, 112, 58), (183, 149, 79)]
[(45, 63, 52), (64, 85, 61), (28, 43, 37), (157, 152, 87), (79, 103, 80)]
[(20, 11, 5), (40, 30, 15), (62, 57, 28), (201, 173, 123), (224, 205, 167)]
[(215, 212, 209), (231, 227, 223), (193, 192, 189), (20, 22, 22), (169, 168, 166)]
[(13, 30, 21), (34, 56, 43), (57, 82, 66), (117, 146, 94), (89, 116, 72)]
[(238, 239, 237), (221, 223, 222), (30, 34, 35), (197, 200, 200), (52, 56, 58)]
[(223, 209, 184), (232, 217, 193), (56, 46, 29), (64, 54, 38), (209, 196, 174)]
[(41, 41, 44), (60, 59, 59), (22, 23, 28), (81, 78, 74), (218, 204, 184)]
[(61, 105, 64), (96, 126, 74), (138, 122, 61), (59, 74, 47), (96, 98, 53)]
[(57, 48, 23), (30, 26, 12), (165, 95, 23), (115, 69, 22), (118, 147, 117)]
[(91, 82, 52), (63, 55, 35), (123, 134, 120), (180, 186, 158), (99, 105, 87)]
[(71, 90, 28), (85, 119, 44), (102, 90, 31), (89, 56, 18), (134, 74, 25)]
[(37, 21, 15), (66, 57, 32), (88, 93, 66), (221, 202, 167), (105, 126, 115)]
[(244, 226, 161), (216, 209, 159), (238, 208, 127), (187, 182, 115), (163, 187, 163)]
[(154, 187, 215), (127, 162, 196), (144, 115, 51), (100, 83, 38), (202, 150, 54)]
[(19, 10, 10), (11, 5, 5), (28, 17, 16), (45, 26, 20), (66, 40, 27)]
[(90, 67, 52), (70, 47, 36), (115, 87, 60), (125, 119, 110), (136, 112, 76)]
[(21, 24, 23), (237, 205, 171), (65, 45, 40), (196, 57, 46), (145, 41, 37)]
[(171, 181, 145), (90, 108, 92), (190, 200, 165), (68, 85, 71), (149, 160, 127)]
[(182, 198, 204), (221, 222, 216), (146, 176, 195), (159, 125, 18), (95, 117, 66)]
[(108, 111, 88), (127, 131, 120), (187, 181, 170), (157, 156, 148), (85, 83, 63)]
[(73, 136, 64), (17, 13, 10), (106, 96, 90), (129, 158, 74), (208, 173, 85)]
[(103, 102, 94), (69, 75, 70), (48, 104, 121), (23, 74, 92), (19, 37, 45)]
[(226, 225, 219), (189, 203, 196), (133, 176, 169), (84, 142, 129), (207, 185, 56)]
[(229, 226, 227), (206, 202, 203), (187, 182, 184), (165, 160, 162), (94, 89, 91)]
[(101, 103, 49), (126, 130, 71), (180, 204, 162), (80, 164, 139), (140, 182, 144)]
[(25, 17, 11), (48, 35, 25), (68, 59, 40), (79, 92, 63), (117, 74, 48)]
[(244, 229, 173), (234, 216, 158), (216, 194, 141), (108, 89, 65), (163, 140, 100)]
[(65, 74, 63), (99, 106, 77), (34, 40, 39), (138, 144, 106), (208, 185, 81)]
[(103, 133, 53), (81, 106, 32), (127, 153, 77), (59, 76, 27), (150, 169, 111)]
[(206, 223, 222), (182, 200, 196), (41, 78, 101), (28, 43, 42), (151, 122, 68)]
[(230, 222, 194), (217, 207, 180), (200, 189, 164), (22, 11, 8), (99, 88, 69)]
[(157, 165, 132), (187, 190, 154), (58, 75, 51), (198, 168, 67), (24, 36, 29)]
[(219, 204, 180), (208, 194, 170), (230, 216, 191), (194, 180, 157), (176, 162, 140)]
[(243, 211, 134), (234, 202, 119), (197, 166, 56), (214, 183, 70), (178, 147, 46)]
[(174, 99, 62), (142, 75, 47), (221, 174, 115), (170, 129, 85), (193, 155, 106)]
[(161, 146, 98), (94, 76, 40), (149, 110, 45), (185, 181, 145), (122, 110, 82)]
[(148, 99, 45), (168, 122, 60), (59, 51, 42), (119, 82, 36), (86, 67, 47)]
[(250, 243, 202), (240, 225, 184), (219, 202, 162), (198, 180, 143), (174, 157, 123)]
[(213, 170, 5), (179, 142, 9), (72, 91, 21), (217, 218, 192), (131, 107, 16)]
[(232, 232, 155), (226, 220, 101), (229, 233, 217), (183, 191, 177), (150, 156, 131)]
[(186, 187, 197), (207, 205, 210), (166, 166, 179), (108, 112, 132), (134, 139, 161)]
[(144, 102, 52), (130, 91, 46), (157, 114, 59), (112, 80, 41), (91, 67, 36)]
[(219, 212, 204), (232, 226, 218), (206, 198, 188), (190, 182, 173), (173, 164, 155)]
[(95, 73, 54), (173, 144, 110), (114, 90, 68), (153, 126, 96), (133, 107, 82)]
[(197, 199, 134), (178, 181, 121), (29, 24, 15), (113, 90, 37), (69, 64, 31)]
[(27, 46, 48), (43, 72, 63), (144, 164, 67), (34, 112, 103), (74, 107, 78)]
[(221, 232, 214), (196, 201, 184), (8, 17, 15), (177, 185, 113), (22, 61, 69)]
[(250, 203, 69), (168, 150, 61), (192, 173, 71), (218, 130, 56), (145, 114, 60)]
[(125, 112, 77), (226, 234, 226), (100, 94, 70), (218, 222, 189), (149, 133, 90)]
[(203, 182, 138), (184, 165, 126), (165, 147, 112), (216, 198, 155), (143, 126, 97)]
[(220, 213, 187), (102, 92, 134), (240, 238, 207), (90, 75, 92), (236, 194, 127)]
[(19, 23, 21), (39, 44, 36), (61, 66, 50), (90, 88, 60), (119, 113, 76)]
[(174, 180, 176), (191, 197, 193), (158, 164, 160), (10, 15, 11), (140, 146, 142)]
[(236, 198, 158), (223, 182, 138), (202, 164, 121), (179, 145, 104), (11, 14, 5)]
[(22, 27, 24), (32, 38, 34), (47, 53, 47), (67, 70, 63), (122, 93, 74)]
[(26, 27, 33), (43, 42, 46), (13, 12, 19), (61, 61, 54), (60, 55, 13)]
[(107, 97, 38), (159, 124, 40), (209, 159, 54), (67, 62, 24), (126, 129, 78)]
[(54, 53, 48), (66, 65, 61), (43, 42, 37), (175, 174, 170), (191, 190, 186)]
[(209, 199, 162), (226, 216, 182), (193, 184, 147), (109, 110, 84), (69, 72, 55)]
[(53, 41, 19), (42, 31, 14), (64, 52, 23), (76, 65, 27), (93, 79, 31)]
[(224, 157, 75), (28, 38, 36), (191, 143, 81), (50, 63, 54), (160, 121, 73)]
[(120, 64, 20), (34, 22, 15), (16, 11, 11), (54, 32, 16), (100, 49, 15)]
[(172, 73, 31), (119, 62, 25), (145, 167, 75), (166, 190, 113), (122, 129, 50)]
[(237, 223, 188), (224, 213, 180), (210, 202, 167), (193, 187, 153), (174, 170, 137)]
[(213, 166, 27), (191, 147, 21), (29, 26, 14), (169, 111, 30), (145, 76, 23)]
[(10, 11, 5), (31, 28, 16), (52, 44, 28), (74, 62, 41), (96, 79, 55)]
[(246, 236, 225), (241, 229, 218), (243, 226, 201), (230, 210, 182), (214, 193, 162)]
[(129, 93, 43), (90, 71, 33), (152, 193, 219), (184, 223, 242), (163, 121, 66)]
[(57, 57, 56), (226, 207, 183), (79, 76, 73), (208, 188, 166), (242, 227, 201)]
[(216, 170, 79), (199, 145, 65), (173, 119, 57), (227, 194, 110), (56, 28, 22)]
[(204, 168, 94), (189, 155, 85), (37, 36, 29), (59, 51, 39), (216, 180, 108)]
[(237, 213, 181), (246, 229, 200), (223, 196, 163), (204, 177, 144), (181, 155, 126)]
[(147, 90, 22), (235, 197, 55), (192, 145, 34), (119, 65, 19), (212, 170, 46)]
[(37, 35, 38), (51, 49, 52), (70, 68, 71), (89, 87, 90), (195, 193, 196)]
[(56, 101, 166), (9, 61, 129), (34, 83, 151), (82, 122, 181), (126, 156, 104)]
[(144, 184, 198), (199, 203, 205), (43, 48, 18), (144, 127, 67), (72, 96, 57)]
[(68, 69, 60), (84, 85, 72), (53, 55, 46), (102, 101, 82), (123, 120, 96)]
[(172, 115, 56), (147, 90, 44), (200, 141, 65), (111, 76, 40), (173, 146, 79)]
[(49, 60, 62), (37, 41, 41), (61, 83, 84), (20, 20, 20), (90, 110, 97)]
[(175, 149, 70), (195, 169, 85), (152, 123, 58), (130, 137, 153), (151, 159, 172)]
[(17, 13, 19), (41, 26, 27), (67, 40, 35), (95, 59, 43), (190, 135, 82)]
[(96, 79, 40), (81, 54, 31), (109, 115, 44), (61, 31, 19), (39, 10, 6)]
[(10, 8, 5), (27, 21, 13), (46, 36, 24), (65, 51, 36), (85, 67, 48)]
[(122, 158, 141), (122, 90, 56), (85, 59, 36), (199, 196, 168), (101, 126, 113)]
[(133, 157, 157), (102, 92, 95), (163, 179, 174), (121, 122, 126), (77, 65, 68)]
[(201, 149, 49), (171, 122, 45), (228, 189, 62), (114, 182, 193), (83, 154, 164)]
[(227, 227, 222), (56, 61, 62), (212, 213, 208), (42, 47, 49), (72, 77, 77)]
[(233, 227, 214), (221, 214, 203), (61, 47, 42), (82, 69, 62), (40, 28, 23)]
[(29, 16, 16), (73, 143, 109), (76, 162, 140), (46, 31, 30), (66, 112, 83)]
[(66, 71, 63), (54, 60, 52), (78, 84, 76), (93, 99, 91), (108, 115, 106)]
[(225, 84, 66), (124, 79, 56), (90, 53, 41), (247, 243, 195), (170, 84, 60)]
[(15, 27, 29), (232, 196, 54), (237, 210, 86), (209, 173, 40), (29, 50, 48)]
[(204, 204, 204), (182, 182, 182), (27, 27, 27), (161, 161, 161), (47, 47, 47)]
[(189, 168, 131), (84, 150, 197), (168, 133, 96), (68, 127, 166), (122, 174, 203)]
[(222, 214, 203), (214, 206, 195), (202, 194, 184), (45, 46, 40), (69, 69, 61)]
[(157, 143, 100), (168, 155, 111), (142, 130, 92), (109, 99, 72), (127, 115, 82)]
[(203, 195, 184), (195, 187, 176), (213, 205, 194), (182, 174, 163), (159, 151, 141)]
[(28, 11, 19), (20, 6, 13), (36, 17, 25), (74, 44, 46), (47, 25, 31)]
[(203, 140, 8), (215, 175, 137), (208, 143, 81), (162, 151, 121), (177, 84, 54)]
[(222, 195, 103), (71, 72, 34), (161, 126, 44), (198, 164, 68), (223, 209, 152)]
[(233, 171, 70), (207, 142, 59), (148, 185, 120), (125, 98, 42), (85, 57, 31)]
[(221, 222, 209), (211, 212, 201), (232, 234, 218), (191, 190, 177), (169, 167, 153)]
[(36, 12, 7), (128, 121, 44), (148, 145, 59), (111, 91, 34), (54, 31, 21)]
[(128, 71, 43), (159, 93, 52), (97, 49, 32), (28, 20, 15), (63, 34, 24)]
[(109, 73, 70), (56, 73, 76), (91, 60, 59), (126, 88, 77), (158, 107, 76)]
[(203, 179, 120), (187, 163, 106), (222, 198, 137), (167, 144, 89), (144, 123, 74)]
[(243, 235, 219), (231, 220, 203), (216, 203, 185), (201, 185, 168), (184, 168, 150)]
[(67, 73, 61), (93, 93, 71), (43, 45, 42), (174, 99, 59), (125, 135, 171)]
[(206, 155, 68), (194, 134, 47), (221, 177, 88), (170, 108, 37), (232, 229, 167)]
[(182, 181, 174), (196, 196, 188), (168, 167, 159), (211, 211, 205), (152, 151, 142)]
[(222, 221, 216), (212, 211, 207), (173, 172, 168), (191, 190, 185), (154, 153, 149)]
[(106, 81, 47), (134, 102, 52), (158, 126, 69), (79, 59, 37), (47, 36, 28)]
[(233, 221, 180), (95, 97, 72), (223, 210, 167), (151, 150, 113), (132, 134, 101)]
[(235, 196, 63), (212, 169, 60), (112, 127, 56), (179, 139, 63), (85, 74, 38)]
[(145, 65, 26), (109, 49, 25), (74, 34, 20), (42, 18, 10), (178, 171, 203)]
[(217, 195, 141), (211, 188, 135), (222, 200, 149), (201, 180, 129), (184, 165, 119)]
[(225, 220, 222), (157, 153, 154), (138, 133, 135), (211, 206, 207), (119, 114, 116)]
[(186, 173, 155), (91, 76, 58), (200, 187, 169), (171, 158, 139), (155, 141, 123)]
[(252, 251, 240), (247, 241, 230), (237, 230, 220), (221, 215, 205), (199, 192, 185)]
[(161, 160, 156), (185, 184, 179), (149, 148, 143), (173, 172, 167), (137, 136, 132)]
[(165, 123, 26), (134, 88, 19), (89, 165, 240), (191, 162, 54), (208, 195, 106)]
[(226, 204, 151), (242, 227, 190), (236, 217, 167), (213, 190, 136), (178, 156, 107)]
[(223, 211, 175), (236, 235, 206), (80, 63, 52), (48, 37, 35), (202, 185, 144)]
[(234, 215, 184), (212, 185, 141), (144, 118, 70), (188, 151, 88), (152, 147, 124)]
[(60, 59, 50), (72, 73, 60), (47, 44, 39), (93, 74, 51), (103, 89, 68)]
[(213, 197, 171), (223, 207, 181), (200, 184, 160), (51, 41, 22), (69, 57, 37)]
[(53, 62, 12), (28, 39, 9), (64, 93, 15), (93, 116, 12), (136, 124, 16)]
[(80, 71, 32), (142, 159, 106), (168, 110, 32), (174, 189, 125), (116, 94, 37)]
[(74, 76, 76), (64, 68, 68), (84, 86, 85), (97, 98, 97), (112, 114, 112)]
[(154, 188, 162), (66, 67, 47), (200, 166, 88), (97, 100, 77), (155, 127, 58)]
[(45, 59, 52), (63, 74, 64), (31, 45, 41), (82, 90, 78), (103, 110, 96)]
[(147, 162, 129), (191, 197, 157), (75, 95, 70), (127, 130, 78), (220, 226, 197)]
[(138, 133, 150), (32, 49, 35), (153, 148, 173), (110, 114, 127), (59, 65, 46)]
[(235, 227, 198), (240, 233, 209), (229, 219, 185), (219, 207, 167), (202, 188, 145)]
[(162, 60, 31), (120, 38, 21), (173, 164, 84), (66, 33, 14), (18, 10, 4)]
[(199, 202, 209), (212, 215, 222), (36, 36, 45), (182, 184, 193), (53, 53, 62)]
[(216, 205, 192), (194, 181, 153), (144, 161, 211), (194, 159, 77), (152, 150, 135)]
[(54, 55, 43), (33, 36, 32), (12, 13, 17), (77, 73, 54), (106, 94, 65)]
[(206, 181, 118), (174, 161, 106), (17, 11, 5), (142, 135, 87), (81, 73, 42)]
[(232, 158, 72), (200, 130, 60), (242, 194, 101), (94, 112, 91), (151, 99, 45)]
[(75, 92, 36), (108, 137, 85), (133, 121, 38), (147, 177, 126), (181, 167, 78)]
[(165, 140, 98), (143, 119, 82), (186, 160, 114), (118, 97, 65), (207, 181, 132)]
[(57, 105, 46), (228, 237, 229), (109, 129, 40), (83, 141, 202), (186, 178, 130)]
[(229, 230, 232), (35, 37, 38), (14, 16, 16), (60, 61, 62), (85, 87, 87)]
[(29, 18, 6), (19, 11, 4), (40, 26, 10), (7, 4, 2), (54, 35, 13)]
[(213, 168, 46), (187, 133, 29), (171, 187, 201), (227, 196, 81), (152, 156, 165)]
[(188, 181, 164), (212, 201, 183), (159, 165, 149), (165, 150, 110), (122, 143, 125)]
[(117, 90, 53), (90, 67, 41), (144, 117, 71), (61, 43, 29), (186, 127, 65)]
[(64, 62, 45), (232, 214, 154), (83, 77, 54), (219, 199, 137), (47, 46, 31)]
[(45, 49, 51), (26, 30, 33), (65, 69, 71), (86, 89, 91), (7, 9, 12)]
[(13, 25, 18), (45, 38, 30), (78, 45, 38), (115, 53, 44), (168, 70, 53)]
[(181, 197, 185), (151, 172, 161), (92, 161, 196), (129, 143, 125), (138, 190, 213)]
[(57, 71, 68), (73, 84, 75), (53, 54, 47), (77, 70, 51), (92, 99, 83)]
[(106, 123, 103), (72, 89, 73), (37, 46, 52), (140, 154, 137), (156, 172, 229)]
[(4, 8, 12), (19, 27, 32), (44, 49, 49), (72, 73, 66), (102, 104, 88)]
[(11, 10, 6), (61, 46, 31), (36, 30, 19), (90, 62, 42), (126, 92, 58)]
[(208, 208, 207), (196, 196, 196), (176, 177, 176), (156, 156, 156), (134, 134, 134)]
[(151, 155, 130), (156, 171, 175), (70, 93, 79), (192, 197, 189), (106, 141, 95)]
[(190, 166, 118), (173, 151, 105), (153, 134, 95), (133, 116, 81), (44, 37, 22)]
[(116, 173, 224), (91, 104, 66), (120, 142, 100), (154, 203, 241), (48, 57, 48)]
[(71, 77, 109), (193, 195, 181), (87, 98, 141), (25, 26, 28), (222, 226, 199)]
[(7, 17, 19), (47, 70, 47), (25, 45, 34), (71, 96, 58), (93, 128, 72)]
[(132, 116, 66), (108, 94, 48), (155, 137, 84), (48, 24, 10), (25, 44, 19)]
[(203, 178, 126), (10, 10, 6), (220, 195, 141), (184, 160, 111), (35, 32, 21)]
[(169, 167, 158), (183, 181, 172), (156, 152, 144), (198, 197, 189), (138, 133, 125)]
[(205, 157, 32), (224, 187, 59), (177, 125, 21), (200, 213, 163), (165, 173, 113)]
[(221, 226, 221), (179, 191, 194), (192, 161, 144), (141, 155, 158), (162, 125, 108)]
[(84, 56, 44), (55, 33, 26), (21, 12, 9), (185, 145, 109), (123, 78, 51)]
[(118, 62, 30), (99, 88, 72), (77, 57, 37), (115, 116, 123), (158, 60, 26)]
[(193, 192, 187), (203, 202, 197), (211, 210, 205), (160, 159, 155), (143, 142, 138)]
[(235, 233, 232), (214, 213, 212), (15, 16, 16), (190, 189, 189), (42, 42, 42)]
[(105, 105, 98), (121, 121, 114), (89, 88, 81), (71, 70, 64), (54, 53, 47)]
[(34, 34, 17), (190, 168, 60), (50, 61, 29), (55, 107, 62), (170, 145, 46)]
[(220, 197, 173), (231, 210, 184), (208, 184, 160), (192, 167, 145), (173, 147, 126)]
[(90, 98, 94), (74, 80, 69), (54, 59, 58), (103, 82, 54), (74, 62, 38)]
[(30, 17, 13), (40, 23, 17), (55, 31, 22), (71, 40, 26), (89, 54, 33)]
[(120, 121, 37), (153, 144, 41), (90, 95, 31), (181, 170, 57), (228, 215, 47)]
[(11, 4, 5), (36, 19, 17), (59, 39, 30), (205, 186, 171), (183, 164, 143)]
[(239, 201, 49), (219, 175, 43), (140, 130, 59), (113, 102, 54), (31, 30, 20)]
[(111, 134, 112), (180, 179, 146), (178, 170, 93), (196, 205, 207), (65, 88, 55)]
[(217, 206, 162), (233, 221, 184), (66, 73, 66), (23, 22, 22), (82, 107, 73)]
[(224, 212, 166), (230, 221, 179), (212, 198, 151), (117, 104, 67), (195, 181, 136)]
[(236, 228, 215), (225, 214, 202), (212, 198, 187), (194, 179, 169), (90, 76, 69)]
[(196, 169, 33), (150, 130, 24), (173, 150, 22), (205, 179, 62), (127, 105, 22)]
[(226, 209, 184), (219, 202, 177), (233, 217, 192), (209, 193, 168), (196, 180, 156)]
[(230, 203, 121), (236, 219, 152), (199, 193, 140), (210, 176, 96), (174, 165, 113)]
[(223, 173, 109), (61, 102, 50), (72, 117, 187), (173, 153, 108), (55, 60, 45)]
[(65, 137, 52), (44, 117, 31), (25, 88, 20), (86, 154, 74), (13, 39, 10)]
[(39, 40, 31), (48, 47, 36), (57, 54, 42), (66, 62, 48), (31, 33, 25)]
[(202, 183, 58), (175, 160, 58), (25, 19, 16), (114, 129, 133), (142, 153, 150)]
[(165, 172, 171), (116, 114, 104), (86, 82, 80), (137, 143, 146), (57, 49, 55)]
[(230, 243, 218), (186, 177, 109), (214, 206, 133), (200, 215, 203), (145, 141, 100)]
[(239, 233, 198), (226, 218, 179), (209, 199, 162), (61, 55, 40), (187, 178, 144)]
[(119, 115, 102), (197, 177, 32), (153, 148, 123), (159, 127, 52), (100, 126, 165)]
[(82, 93, 36), (53, 61, 27), (25, 32, 10), (112, 117, 62), (215, 190, 68)]
[(9, 7, 5), (119, 172, 219), (30, 28, 29), (114, 151, 181), (60, 61, 71)]
[(82, 106, 60), (99, 125, 77), (124, 147, 89), (118, 135, 58), (148, 162, 68)]
[(60, 61, 61), (75, 76, 76), (173, 175, 170), (43, 46, 45), (157, 159, 154)]
[(166, 174, 159), (133, 143, 141), (204, 204, 178), (84, 65, 29), (124, 91, 41)]
[(31, 24, 20), (18, 13, 12), (103, 62, 29), (115, 74, 33), (45, 36, 27)]
[(118, 125, 90), (134, 140, 103), (39, 39, 29), (103, 108, 77), (61, 58, 42)]
[(230, 168, 74), (166, 129, 102), (134, 104, 94), (64, 47, 44), (193, 127, 63)]
[(243, 242, 197), (214, 222, 158), (22, 19, 11), (56, 74, 47), (200, 91, 51)]
[(85, 77, 51), (66, 61, 39), (46, 45, 28), (105, 96, 64), (26, 26, 15)]
[(126, 99, 49), (96, 75, 35), (66, 46, 18), (165, 126, 58), (217, 151, 51)]
[(114, 93, 79), (133, 111, 94), (152, 129, 110), (96, 77, 64), (172, 148, 126)]
[(63, 59, 33), (76, 74, 40), (49, 45, 26), (90, 89, 47), (34, 30, 16)]
[(129, 121, 88), (149, 133, 90), (109, 110, 87), (103, 95, 57), (82, 78, 52)]
[(192, 160, 67), (152, 120, 56), (110, 184, 214), (146, 136, 112), (97, 95, 57)]
[(24, 11, 8), (51, 29, 21), (85, 36, 23), (118, 56, 35), (81, 62, 40)]
[(198, 196, 199), (220, 218, 221), (41, 39, 42), (180, 178, 181), (61, 59, 62)]
[(240, 243, 180), (222, 227, 158), (58, 58, 30), (83, 86, 46), (29, 29, 13)]
[(61, 87, 42), (83, 110, 53), (40, 60, 31), (17, 28, 15), (117, 129, 49)]
[(170, 207, 204), (160, 199, 194), (30, 36, 52), (20, 23, 30), (42, 50, 77)]
[(167, 141, 107), (146, 121, 89), (126, 101, 73), (105, 82, 57), (188, 163, 125)]
[(175, 179, 171), (193, 192, 179), (112, 109, 88), (89, 93, 79), (136, 130, 98)]
[(212, 207, 168), (233, 229, 188), (184, 184, 146), (89, 122, 100), (42, 57, 44)]
[(176, 167, 159), (66, 42, 38), (85, 67, 62), (197, 189, 179), (241, 236, 230)]
[(80, 103, 173), (198, 157, 75), (68, 85, 153), (226, 191, 103), (162, 121, 56)]
[(237, 230, 208), (224, 216, 192), (209, 202, 177), (77, 73, 59), (193, 186, 162)]
[(93, 79, 52), (38, 35, 37), (57, 49, 43), (76, 65, 48), (109, 97, 59)]
[(23, 33, 43), (36, 44, 53), (51, 56, 63), (70, 72, 72), (92, 93, 85)]
[(51, 67, 70), (107, 135, 123), (32, 32, 43), (74, 100, 92), (150, 163, 147)]
[(249, 233, 183), (241, 218, 169), (222, 196, 150), (202, 173, 129), (180, 150, 109)]
[(79, 122, 93), (92, 137, 109), (15, 10, 11), (34, 27, 25), (51, 56, 45)]
[(218, 199, 136), (227, 211, 170), (157, 203, 159), (197, 179, 112), (135, 178, 137)]
[(125, 134, 76), (99, 102, 61), (68, 72, 48), (34, 43, 28), (162, 152, 86)]
[(62, 68, 58), (70, 77, 66), (54, 61, 50), (79, 87, 76), (89, 97, 86)]
[(176, 140, 46), (163, 118, 31), (72, 56, 48), (49, 38, 31), (26, 20, 18)]
[(193, 55, 16), (213, 186, 76), (198, 157, 47), (121, 85, 40), (152, 165, 42)]
[(40, 29, 10), (25, 18, 7), (53, 40, 14), (93, 69, 21), (72, 54, 18)]
[(74, 43, 21), (57, 27, 11), (123, 60, 32), (93, 64, 35), (99, 45, 23)]
[(25, 36, 19), (39, 49, 22), (167, 150, 62), (58, 64, 25), (144, 137, 56)]
[(245, 231, 186), (238, 219, 172), (223, 202, 155), (204, 181, 136), (12, 13, 6)]
[(46, 64, 55), (30, 48, 36), (64, 83, 74), (103, 136, 122), (81, 110, 98)]
[(101, 136, 91), (81, 109, 61), (159, 183, 137), (121, 158, 123), (140, 159, 97)]
[(47, 38, 27), (31, 22, 11), (210, 213, 200), (230, 232, 218), (65, 57, 45)]
[(170, 186, 183), (146, 166, 160), (97, 101, 75), (125, 138, 112), (66, 65, 47)]
[(183, 37, 29), (199, 186, 161), (181, 168, 142), (140, 72, 40), (168, 102, 61)]
[(158, 151, 66), (90, 94, 43), (60, 67, 29), (127, 123, 50), (194, 189, 171)]
[(8, 7, 7), (33, 22, 15), (60, 39, 23), (92, 52, 26), (124, 77, 35)]
[(172, 170, 160), (186, 182, 171), (159, 157, 148), (200, 195, 183), (144, 142, 135)]
[(162, 166, 137), (140, 113, 49), (176, 136, 46), (205, 164, 62), (157, 143, 92)]
[(31, 14, 13), (27, 9, 8), (38, 20, 18), (48, 29, 25), (70, 42, 32)]
[(125, 76, 55), (99, 99, 85), (60, 65, 65), (126, 126, 121), (157, 122, 69)]
[(146, 115, 94), (152, 132, 118), (130, 97, 71), (117, 109, 103), (92, 84, 76)]
[(187, 199, 191), (199, 225, 223), (173, 174, 154), (62, 62, 71), (97, 102, 107)]
[(197, 196, 194), (210, 209, 206), (181, 180, 179), (161, 161, 160), (140, 139, 139)]
[(228, 181, 108), (217, 167, 96), (79, 52, 31), (56, 35, 21), (101, 67, 40)]
[(161, 184, 194), (195, 207, 203), (68, 91, 63), (124, 157, 180), (103, 120, 95)]
[(177, 111, 47), (154, 92, 38), (200, 133, 55), (244, 193, 61), (228, 163, 50)]
[(29, 16, 21), (62, 35, 24), (93, 57, 36), (120, 80, 50), (211, 160, 76)]
[(36, 25, 30), (57, 40, 43), (15, 10, 15), (78, 56, 55), (138, 126, 100)]
[(21, 27, 25), (36, 45, 37), (62, 71, 47), (98, 100, 62), (194, 120, 40)]
[(52, 28, 45), (80, 51, 60), (22, 9, 23), (138, 156, 144), (120, 79, 64)]
[(128, 185, 181), (119, 103, 51), (162, 208, 198), (146, 127, 67), (90, 77, 40)]
[(111, 177, 211), (144, 198, 227), (99, 118, 34), (126, 143, 45), (68, 95, 20)]
[(169, 190, 170), (196, 194, 183), (152, 174, 149), (91, 165, 126), (223, 209, 215)]
[(34, 29, 31), (53, 48, 49), (15, 11, 12), (73, 68, 70), (96, 91, 93)]
[(148, 146, 149), (167, 166, 169), (127, 125, 128), (186, 184, 187), (231, 230, 233)]
[(159, 126, 104), (190, 142, 22), (136, 111, 85), (135, 178, 203), (178, 196, 195)]
[(80, 136, 53), (59, 117, 33), (80, 77, 26), (47, 49, 14), (119, 105, 38)]
[(225, 196, 64), (166, 155, 83), (139, 170, 167), (20, 16, 18), (212, 202, 121)]
[(104, 53, 29), (224, 168, 86), (162, 104, 56), (134, 77, 42), (244, 206, 116)]
[(217, 217, 209), (226, 227, 219), (206, 206, 196), (64, 58, 50), (47, 42, 35)]
[(138, 57, 34), (108, 41, 24), (73, 75, 35), (168, 77, 45), (163, 142, 61)]
[(251, 252, 224), (244, 239, 205), (221, 214, 186), (196, 190, 164), (171, 165, 142)]
[(215, 207, 139), (234, 225, 158), (192, 189, 128), (248, 245, 185), (150, 174, 123)]
[(16, 23, 16), (40, 50, 36), (66, 81, 57), (226, 223, 195), (102, 111, 69)]
[(178, 202, 173), (53, 62, 15), (89, 88, 24), (136, 173, 138), (224, 233, 189)]
[(208, 207, 209), (223, 223, 225), (191, 191, 193), (240, 240, 240), (171, 171, 174)]
[(16, 9, 7), (234, 240, 228), (77, 85, 27), (100, 116, 43), (56, 32, 18)]
[(15, 9, 7), (31, 23, 19), (50, 41, 35), (71, 61, 50), (94, 81, 66)]
[(73, 53, 39), (123, 124, 86), (160, 150, 99), (91, 93, 64), (185, 174, 131)]
[(211, 211, 199), (221, 222, 209), (200, 199, 188), (53, 45, 36), (86, 78, 66)]
[(177, 182, 92), (209, 205, 121), (222, 221, 179), (68, 111, 65), (38, 69, 31)]
[(106, 149, 213), (231, 241, 193), (91, 110, 48), (87, 118, 187), (227, 235, 139)]
[(143, 142, 132), (129, 126, 116), (158, 157, 147), (113, 110, 99), (97, 93, 80)]
[(105, 112, 87), (124, 132, 100), (147, 153, 113), (84, 91, 73), (61, 68, 56)]
[(97, 64, 48), (100, 33, 28), (59, 47, 35), (140, 80, 62), (25, 15, 11)]
[(14, 6, 7), (28, 16, 14), (44, 28, 22), (61, 38, 29), (73, 54, 43)]
[(5, 3, 2), (226, 212, 178), (236, 233, 214), (30, 18, 9), (100, 57, 26)]
[(17, 23, 19), (7, 11, 8), (31, 37, 33), (48, 54, 50), (67, 73, 69)]
[(146, 157, 164), (224, 199, 180), (74, 95, 103), (108, 130, 142), (180, 133, 71)]
[(70, 33, 21), (81, 47, 31), (57, 19, 12), (97, 61, 42), (112, 80, 58)]
[(208, 194, 146), (193, 161, 98), (23, 45, 57), (106, 146, 101), (50, 85, 108)]
[(142, 136, 48), (178, 163, 56), (156, 148, 96), (188, 178, 125), (99, 93, 46)]
[(201, 202, 197), (183, 184, 179), (221, 222, 216), (41, 42, 37), (64, 65, 59)]
[(33, 33, 12), (221, 189, 100), (162, 173, 174), (223, 220, 202), (138, 143, 88)]
[(81, 63, 42), (49, 36, 23), (16, 11, 7), (105, 92, 68), (139, 127, 95)]
[(201, 171, 136), (213, 185, 149), (185, 155, 121), (168, 137, 106), (148, 118, 92)]
[(206, 206, 197), (219, 220, 213), (59, 53, 43), (79, 74, 63), (101, 96, 85)]
[(118, 118, 60), (146, 148, 84), (146, 197, 209), (85, 87, 42), (175, 217, 228)]
[(88, 84, 56), (227, 196, 134), (105, 99, 65), (211, 180, 118), (123, 113, 74)]
[(229, 207, 153), (236, 215, 166), (220, 198, 141), (244, 225, 180), (208, 186, 129)]
[(118, 59, 29), (143, 75, 34), (91, 42, 20), (63, 27, 13), (170, 165, 191)]
[(163, 159, 108), (131, 155, 138), (173, 182, 160), (106, 133, 94), (209, 185, 127)]
[(59, 68, 71), (44, 53, 65), (75, 83, 76), (93, 100, 77), (28, 37, 53)]
[(107, 125, 140), (137, 114, 70), (137, 150, 162), (163, 144, 99), (107, 81, 44)]
[(133, 109, 64), (105, 83, 44), (158, 182, 206), (166, 136, 83), (146, 166, 173)]
[(93, 109, 55), (10, 10, 4), (40, 41, 17), (166, 142, 54), (143, 124, 43)]
[(28, 24, 18), (47, 38, 29), (241, 228, 207), (117, 132, 119), (197, 195, 174)]
[(220, 218, 189), (227, 225, 197), (215, 210, 179), (207, 200, 165), (195, 186, 149)]
[(57, 32, 20), (77, 44, 29), (38, 20, 10), (99, 57, 39), (129, 76, 49)]
[(192, 193, 183), (204, 205, 195), (168, 167, 158), (180, 180, 170), (153, 152, 142)]
[(97, 88, 60), (77, 75, 51), (118, 103, 69), (201, 149, 87), (142, 119, 79)]
[(45, 53, 42), (35, 43, 32), (55, 63, 52), (68, 75, 65), (83, 90, 80)]
[(123, 114, 63), (136, 135, 70), (108, 96, 55), (26, 23, 20), (46, 35, 27)]
[(247, 220, 168), (252, 231, 180), (232, 204, 154), (215, 186, 138), (175, 147, 105)]
[(48, 47, 55), (60, 57, 63), (39, 38, 46), (77, 70, 71), (107, 89, 69)]
[(161, 97, 11), (139, 93, 97), (153, 128, 135), (130, 158, 236), (84, 122, 216)]
[(94, 158, 98), (89, 51, 32), (137, 74, 46), (113, 174, 133), (223, 152, 50)]
[(182, 181, 176), (195, 194, 189), (168, 167, 163), (213, 212, 207), (146, 145, 140)]
[(233, 233, 225), (221, 219, 208), (177, 165, 123), (155, 143, 102), (128, 121, 85)]
[(224, 219, 194), (216, 210, 181), (205, 199, 168), (235, 230, 206), (146, 147, 124)]
[(14, 97, 120), (12, 58, 84), (60, 123, 139), (96, 70, 29), (115, 143, 136)]
[(76, 64, 55), (90, 77, 68), (105, 92, 83), (122, 108, 98), (62, 51, 42)]
[(35, 42, 50), (19, 27, 41), (58, 60, 58), (181, 130, 64), (210, 162, 67)]
[(225, 181, 61), (199, 151, 50), (226, 156, 38), (156, 93, 26), (193, 121, 29)]
[(85, 64, 43), (156, 101, 53), (114, 95, 64), (56, 39, 27), (124, 64, 38)]
[(127, 131, 142), (143, 146, 157), (111, 114, 127), (78, 80, 94), (95, 97, 111)]
